Aufgabe 1 - Ausgabe

true
[ 8]

===========================================================

true
[ 8]
        [ 4]

===========================================================

false
        [12]
[ 8]
        [ 4]

===========================================================

        [12]
[ 8]
        [ 4]
                [ 2]

===========================================================

        [12]
[ 8]
                [ 6]
        [ 4]
                [ 2]

===========================================================

        [12]
                [10]
[ 8]
                [ 6]
        [ 4]
                [ 2]

===========================================================

                [14]
        [12]
                [10]
[ 8]
                [ 6]
        [ 4]
                [ 2]

===========================================================

                [14]
        [12]
                [10]
[ 8]
                [ 6]
        [ 4]
                [ 2]
                        [ 1]

===========================================================

false
                [14]
        [12]
                [10]
[ 8]
                [ 6]
        [ 4]
                        [ 3]
                [ 2]
                        [ 1]

===========================================================

false
                [14]
        [12]
                [10]
[ 8]
                [ 6]
                        [ 5]
        [ 4]
                        [ 3]
                [ 2]
                        [ 1]

===========================================================

false
                [14]
        [12]
                [10]
[ 8]
                        [ 7]
                [ 6]
                        [ 5]
        [ 4]
                        [ 3]
                [ 2]
                        [ 1]

===========================================================

false
                [14]
        [12]
                [10]
                        [ 9]
[ 8]
                        [ 7]
                [ 6]
                        [ 5]
        [ 4]
                        [ 3]
                [ 2]
                        [ 1]

===========================================================

false
                [14]
        [12]
                        [11]
                [10]
                        [ 9]
[ 8]
                        [ 7]
                [ 6]
                        [ 5]
        [ 4]
                        [ 3]
                [ 2]
                        [ 1]

===========================================================

false
                [14]
                        [13]
        [12]
                        [11]
                [10]
                        [ 9]
[ 8]
                        [ 7]
                [ 6]
                        [ 5]
        [ 4]
                        [ 3]
                [ 2]
                        [ 1]

===========================================================

false
                        [15]
                [14]
                        [13]
        [12]
                        [11]
                [10]
                        [ 9]
[ 8]
                        [ 7]
                [ 6]
                        [ 5]
        [ 4]
                        [ 3]
                [ 2]
                        [ 1]

===========================================================

true
